8744
8545
2935
7473
8686
805
2026
4262
4933
653
9452
1313
145
1388
1048
3980
3979
7350
5382
7334
3611
6645
5604
7580
8351
6186
1669
3974
241
8809
9016
4668
9925
4257
9061
8658
2582
620
2709
7111
692
1345
8294
5579
9327
2696
9047
5747
5420
9929
1299
6815
7275
6481
782
1453
7887
1310
6562
7774
3810
3121
5502
1818
0
3742
5806
220
7447
533
6979
8663
9537
8832
2442
9089
7698
8340
8963
2809
5981
3697
8157
5591
250
7448
3095
1374
6372
1464
237
8812
4194
1286
3846
5566
1267
5874
7458
3716
5869
6720
6115
2533
8459
1737
6607
4845
7609
8035
7539
3977
314
1049
556
5577
1177
5090
3993
3177
1257
8893
1562
9416
3889
6785
4364
2478
5710
1129
3931
158
7695
2935
6420
8417
8167
9869
7518
8449
3416
5577
5980
5773
2097
6562
9685
5920
2149
7747
2001
6629
6870
3671
3706
8044
4850
9153
5140
7723
639
7072
52
151
1534
5494
3463
4276
2606
5519
9206
4348
2205
6757
3633
8537
3965
4016
8377
8078
6616
7922
9774
186
3812
6398
3235
9871
4065
2578
8192
9149
2959
3157
9054
5276
493
7423
6688
2811
6150
1623
466
4018
1224
1228
5864
6402
7586
409
9246
8586
433
3912
5776
9555
4771
8289
8327
121
1463
1532
7254
4359
3079
7418
3957
9837
9460
4281
4358
5961
6828
3812
7517
7271
7734
4629
6500
9192
9959
9198
2721
1252
1236
7926
8786
1228
3835
9245
5296
9594
3848
9567
9345
1755
4434
4206
1819
9148
8291
8572
2528
2271
7050
9282
5945
7941
385
280
7482
8838
4712
9421
1736
1879
9608
4517
8504
6043
8974
6424
5812
8257
245
4722
7167
410
7186
436
6693
42
2854
5125
8226
5724
5276
6200
161
7707
5766
6164
3645
5303
3446
3797
8432
4722
3152
2843
3674
3213
4698
5051
7033
2413
7550
1094
5491
9232
6455
3316
2659
7849
2146
9965
2250
7735
5753
1929
4769
2850
9216
1031
5420
4077
7059
4094
2660
5644
5952
2278
5107
2582
2934
4088
6760
8649
8266
9967
6885
2574
4439
1150
7153
2869
3803
2656
1076
4852
1141
9312
9259
8802
6071
1879
2690
9748
5189
1012
7383
9618
7915
871
9380
2348
1341
9206
9804
3039
7088
6598
6311
8232
2797
1741
8615
9627
5458
1342
5929
132
4395
2737
848
8764
492
30
1263
1806
1641
2287
7340
5709
4967
2379
4210
583
7389
1447
2107
9099
3348
3718
1259
5150
1899
2166
3513
7160
8742
1478
5632
6134
1120
4015
9736
8603
6313
9823
1060
2429
3602
6447
4328
7213
4189
6588
8859
5306
9986
5757
4593
7043
1124
2754
5649
2627
978
6906
9322
7282
9370
5229
1468
359
7105
8750
4339
6557
1390
23
7613
9260
2615
3435
8560
7315
6084
5205
5065
216
8440
5210
9476
2675
5070
6868
1176
4293
768
5504
350
89
6983
9834
3095
1323
9457
5498
4954
7357
7685
2589
71
2292
5322
6580
3210
517
9446
5015
1718
6575
8474
7733
1678
3733
3586
508
3017
6241
8425
2546
9991
3312
5803
758
1878
9607
3009
2435
9116
3407
5165
6813
6533
3855
122
8797
609
7436
4493
362
3073
3857
485
9123
9350
2188
9695
6218
3293
1941
6863
7227
7559
116
5453
9426
624
9956
7282
5675
7136
5985
8316
8483
382
6097
3886
5949
1180
5688
9203
1766
9225
1754
4972
9619
2470
675
7541
9138
9993
9762
5872
8166
4718
1463
7742
1077
5730
9437
5969
9069
4781
2551
1495
4233
2901
3609
9644
1136
3745
7976
7136
7628
240
3546
6659
5624
1621
6727
1963
1632
8390
8185
3945
9313
406
3483
956
2827
9416
2588
2247
7053
7177
5648
8005
9787
7924
6268
341
4214
305
4914
5006
3277
28
2736
1787
8700
9586
5918
648
3850
86
6190
3078
634
5630
5234
84
3094
7408
6934
1150
10000
8523
2091
3612
4552
9061
1112
5905
3503
9497
247
4076
4463
3058
8523
4833
5532
6750
539
5231
2548
7921
9993
4444
2934
5222
580
5805
9317
5428
4678
3195
7068
1163
2549
6209
7304
667
3030
675
2446
8028
9147
3060
3739
7396
5257
7197
5342
4553
1873
927
4835
4826
1505
9310
6003
6818
5890
8664
4439
7697
3720
4122
2349
2884
1186
6895
5807
2364
8730
9906
4850
2483
6385
5940
1473
2476
963
5986
8948
121
5853
4448
5892
312
5513
5251
893
316
3762
1182
6533
1804
1097
9193
6354
3442
1440
623
4425
3656
4550
8831
3284
1177
634
6248
273
4963
8219
8620
5099
8479
5369
9289
4125
8342
9007
7920
3865
4845
9102
6094
273
4905
3193
820
652
3263
5020
5376
6187
7364
7072
2711
6215
9096
7357
9753
326
3784
233
2296
8148
3688
7939
2357
4569
2008
7952
8998
9446
5236
9784
9184
1935
2362
3383
6843
30
3184
4042
6252
7042
8618
5902
9452
7112
9251
2250
2056
1842
5413
2544
5559
2636
2940
975
2988
9007
588
1427
7782
2271
5261
3814
9085
6604
4747
1830
9577
3223
4653
4861
2161
4068
6421
1491
1141
2380
8627
3056
4404
1870
7097
9748
5315
6754
3636
7454
1835
3103
5963
5213
7490
3893
8435
3084
6106
1074
5914
697
5451
2716
1870
7752
7366
6723
5240
4483
1967
4440
8895
8203
5324
4306
1694
2330
1912
7670
2543
8920
8438
437
646
3921
9500
4111
8126
1350
7178
5635
8061
8178
3774
5210
8305
3601
3991
9271
1226
1860
6111
3622
2354
317
6611
7518
2744
4195
8040
6538
827
4247
6577
293
6529
6029
8975
5155
5116
4661
1762
7026
9978
8501
2710
9591
9718
2804
5521
4878
809
4956
6303
2206
3804
7464
3308
6455
2007
8629
4814
2640
1297
4506
2195
5434
9419
2606
7674
2113
3161
4007
6032
6931
8092
5386
6256
1429
9664
7311
2741
9303
7383
9458
9554
6227
103
489
285
8810
9939
1355
2261
5502
2006
4534
9949
6067
3408
4971
3472
4364
1914
2916
2227
2921
6017
9603
2122
61
3037
4409
7476
3618
4505
4848
3095
6704
9880
9046
5264
8946
9491
5703
2746
3300
3834
2994
3721
5676
5216
5961
5029
942
9534
4990
5418
7179
9100
3011
2749
8219
2986
1329
748
7517
6940
9959
4418
2488
3084
8512
8188
2395
6700
6924
4754
3763
4139
2832
8253
7949
4296
5172
8547
3438
436
1667
6372
9968
7812
1044
733
1662
7
820
1200
9992
4627
5910
9916
62
8358
6152
8442
6763
8063
9701
8732
3943
4564
8362
3611
6163
2813
7913
446
6587
3878
3534
403
7002
1827
3771
4805
5254
2711
8184
1676
1070
5834
1573
1240
629
3508
8096
6686
7479
7253
2430
7103
3539
1552
8598
4541
7016
2037
1994
7265
6575
3164
4077
2934
7269
374
8641
4860
531
5033
7640
2787
8590
2449
7709
612
1872
8464
7046
2861
645
8347
7345
3723
3998
2455
9602
4108
5345
3233
581
9085
5488
2647
104
2812
3895
2303
9362
941
2847
5028
2564
542
1514
345
2206
6508
5964
6074
8519
8270
3556
9701
3811
657
3806
9441
3377
9558
3358
1140
5730
1665
8374
1591
332
40
9383
755
7536
9270
5696
1363
1078
1604
7530
3219
6708
1245
6177
377
6039
2214
4537
7669
9316
8505
6287
5841
9207
90
1370
9861
7637
1144
7355
8014
9496
2767
3583
591
8626
2083
5033
3760
5128
1885
9885
4631
3952
1299
6216
4467
8589
9033
9206
8361
9131
7728
576
4862
6852
3615
6490
9872
5429
3412
4189
6911
693
9695
8723
9953
4489
561
8787
3806
5352
8121
1979
682
9389
1958
7659
6601
9215
9143
1204
7756
7682
842
1101
737
2956
2302
5978
7348
7599
275
4169
927
2615
1755
1109
3713
4823
1044
3271
3245
290
6460
2788
4362
5818
1262
865
910
3401
6961
5990
2362
2126
8159
713
2502
1163
4388
3031
7593
7345
8458
1966
2863
7102
8215
4623
1743
6159
9192
5629
4746
4386
4488
5243
7659
6628
3392
8471
7941
1678
2232
7854
9139
7335
701
6223
6284
9838
8051
6806
3199
2505
1175
7708
5326
4150
7741
9616
7859
1103
4770
1015
5134
7980
8615
4336
428
9644
8992
5975
6675
202
9306
2153
8508
7370
4932
3624
5078
2521
4132
9978
7475
5228
7499
9095
8605
9182
1864
1680
2940
7808
6768
9648
382
8047
1409
1871
7930
1599
6322
4745
3790
7742
4795
5634
3379
6293
3929
9710
9799
4716
5970
4773
3617
7097
1904
1018
8106
2300
4361
9287
6878
3641
4957
2709
9768
8232
8701
2932
762
7141
1066
9414
3577
6104
7695
511
3029
1490
7057
4970
5772
7443
8085
6071
6729
8010
7431
3966
6869
2202
4009
2661
5705
9025
1497
5964
6976
2155
9196
4281
9500
4594
825
1198
6784
3415
6290
1572
3390
2234
3824
3417
1927
9557
4312
3589
9768
4294
4924
6968
2272
2838
6697
2417
6178
5482
276
4947
1445
1515
6624
6043
3888
9416
9566
4668
9209
1541
6973
1459
1774
8189
6806
5042
8612
6235
4892
4637
8721
581
1340
6590
4597
7185
9837
3904
2306
6348
5255
5361
5207
8649
7685
5331
1350
3325
4125
589
5022
7116
2393
4940
4751
9010
3813
3883
8145
3939
3263
6442
8961
2571
8575
9136
5125
1381
5465
2096
7514
4278
7739
5611
7794
7179
2924
2224
499
6060
3591
4059
9034
1532
8080
8094
8540
2458
1741
6391
6429
9282
6023
1622
6304
4277
316
2872
4986
7733
6600
6920
1477
6190
7377
9686
820
2982
2801
3053
8177
42
5880
5923
7010
4755
4225
2968
606
6871
7826
6756
9745
3693
7857
8272
7811
5017
8333
7148
2590
8975
5972
7015
3086
2671
7268
4665
4774
7982
1760
7386
4300
4827
3801
470
402
2896
9981
1860
5373
3373
9174
4877
456
349
7176
402
9536
7582
34
8197
7148
5871
4386
3932
5360
9817
581
4056
7969
7180
8979
396
5923
8632
7688
1997
7685
5275
3567
8036
8726
5399
1359
7998
5683
9523
122
2377
6120
7052
2292
4864
624
8613
5797
7491
8486
9655
4009
4694
1811
5163
2761
7444
8398
8187
169
1971
6399
4337
6632
8923
6551
7931
1959
8164
7619
5122
4062
5514
1988
9110
82
5477
6089
3343
8775
4960
6426
4073
3547
969
5688
828
158
6218
6618
9044
369
2028
4084
5890
6876
5341
2085
1006
3076
7067
7974
2814
9758
7915
2077
114
2438
9201
6135
5199
134
8355
7422
5910
7877
4676
6832
3218
5086
8521
7367
5632
1737
1495
4077
6091
2388
8349
8064
7116
3008
4451
9584
6419
7830
6340
5309
4970
2011
8933
561
7056
6717
8312
421
4363
4450
8529
8768
8722
2618
2863
3294
1586
1816
1151
5380
2415
3937
4108
4816
3268
3649
1733
2738
503
7224
2795
1077
5736
2355
5084
7143
774
2416
8564
5702
2916
4561
8877
2672
1360
100
2560
7696
5155
8158
3138
1551
6960
9808
700
797
1817
8802
5903
271
5283
7505
9538
8996
1829
9691
2450
6588
6329
2101
5978
2790
7932
4249
4312
2850
8708
9978
7005
4625
3455
6803
4240
4024
4299
3018
3220
7697
8922
5886
8288
504
348
6467
9734
2596
4658
3864
6945
3554
4422
8556
3278
6697
7162
5458
2305
7457
8508
3773
5342
3538
4818
1922
9980
2925
8274
8383
235
6283
173
1747
3140
7331
3203
3058
4462
9710
5223
2643
907
9570
1445
8867
314
8415
7558
9322
9812
2797
3571
9945
9014
9063
7127
6904
7398
5067
6539
4
7135
9521
1725
2895
671
858
2552
6616
6502
5533
1046
2996
1549
3971
5676
7950
7153
7204
3442
4
9886
2116
789
8172
6677
2870
4358
9922
464
1283
1642
3545
8818
7182
7946
3732
2210
4041
6354
7622
7282
6815
9298
2442
3059
2830
73
4270
1777
2659
7177
480
8096
2467
6377
9949
4424
8323
2680
4372
5315
4890
8510
5972
8412
4526
9382
3524
1514
9744
9020
1853
4710
7458
2582
8004
9425
9899
7139
1296
671
974
3294
5056
813
5014
6382
5857
2930
5645
473
9204
8612
3737
6094
8886
7556
9570
4152
3425
3893
4490
2579
8307
1049
6092
1169
9084
5601
9859
8110
5504
6878
4560
6536
6065
2949
6844
2447
7461
2368
13
7102
7505
9001
8529
6304
2260
4251
1356
5997
5589
7393
7156
821
47
54
7906
2541
7339
2714
8751
3428
9897
4482
219
7387
6129
2057
764
8512
9212
8226
5119
1017
6998
4139
3684
5663
7636
3452
834
4860
8480
2967
7734
8090
7979
4941
325
9462
7173
8867
9548
1618
5856
5009
9655
583
6995
625
10
1010
918
562
9401
6473
8395
2514
4588
9353
4734
1138
2121
8552
9099
6885
5445
7279
6246
5366
2641
9188
2001
5016
6491
8863
6689
7873
1095
9581
3115
9459
6101
7443
7953
3423
4267
6691
7204
1957
3408
6879
8469
3819
8697
620
6765
5196
6280
7554
1651
7220
6745
474
1602
7820
4234
376
4688
5149
1595
5931
1730
2779
9532
9265
3769
7378
4433
8424
8386
7345
4932
7039
9573
91
9599
7250
5111
4361
444
6166
6583
8618
57
4247
4179
9730
8413
7758
934
3524
4541
5222
2301
4920
898
2323
5140
4125
6976
7177
9643
8078
2700
1162
6779
943
8755
2976
9564
4075
331
1110
9778
5859
6165
9721
3110
2563
2501
2531
5000
5379
242
5984
5116
6970
8188
7030
2301
2276
1940
132
6223
3537
2384
648
2178
7480
7630
1762
5256
2190
4020
374
9384
7258
9502
2707
733
327
1021
4172
3954
5696
320
5771
436
7611
8348
2000
7566
6759
9177
531
6588
2977
4391
4480
1184
69
1709
4087
4077
5769
8677
5297
6384
4635
1604
3408
7215
5405
7984
3094
8208
7826
7847
8584
2397
2024
8943
9086
9458
9937
9294
6303
9916
2930
7746
3090
5655
7643
4428
869
1940
775
5655
1233
6048
6933
8352
3341
9492
1305
2988
3325
1257
2203
8304
627
1257
3187
1175
1149
3032
5449
9783
385
1551
301
9705
7550
3564
7376
794
5369
2261
723
9251
6162
6320
1634
9886
5276
1072
1511
1437
4721
618
7531
2568
3160
7913
4844
1704
6004
2040
1500
8329
6680
3958
5372
969
2121
12
7274
3287
2771
9689
3284
9029
5800
6301
4660
9230
7903
7367
1320
5301
1573
3660
9357
1385
7278
2310
3913
1113
5488
6815
6716
2835
6649
6183
7559
1250
1808
2334
1755
5542
7358
1528
6467
2353
9187
378
8767
8892
6244
102
6408
4510
1580
7437
1607
1133
7861
1827
239
131
3969
668
3774
9270
6977
394
8719
5479
8131
8357
2044
6465
6610
8290
9115
2806
6965
8249
8877
1765
9758
3689
23
9769
9264
5319
1597
9656
1581
98
3945
2684
2408
6132
269
8040
1581
4725
5254
9251
6601
2956
348
4303
1793
8150
9783
8200
6372
6173
4016
1804
8628
9288
4364
9839
9442
9758
4398
6885
2096
8427
1487
6878
5082
2000
7526
8894
7978
3430
2567
9530
9476
2617
1608
9673
9278
642
1622
8420
5275
8956
5543
6415
6499
1543
7675
1380
6003
617
8506
2607
4528
2688
8459
6699
1546
9861
775
1758
34
4932
1941
9147
8107
7248
3792
4768
9647
853
4570
9276
9484
5337
6825
3887
1352
2227
3508
3218
2611
3503
8540
2547
7823
2202
2013
453
1028
4867
764
2705
3513
7207
3814
8578
5502
6957
95
7469
4336
4766
4873
7696
5310
3827
5511
159
9274
3213
322
6217
6930
6274
4625
9823
8214
9446
4488
2469
8296
8107
8928
3737
281
9876
6161
1689
3433
5461
5051
9034
991
3768
4002
7426
8064
7312
4333
3128
30
7762
2065
6291
9582
8554
2808
5799
7888
6855
4613
3498
2272
726
1672
2430
9795
5393
6621
9199
5576
8318
9886
4998
7045
3075
651
7303
4504
1208
254
405
3902
4277
1396
6882
99
6150
1691
3533
3442
9054
5163
9766
314
4788
1301
1473
2527
7306
9535
2176
4824
411
8626
3797
2962
5988
233
6948
5344
9898
5648
7205
6642
2039
7006
6326
7921
2578
1597
4713
7868
9493
5039
2034
8753
7852
3125
6677
7143
5211
5776
3635
6881
1544
3711
822
8551
4995
4303
1577
875
293
4424
7990
7743
7485
9616
1783
3694
2109
5971
3054
5375
3037
9058
8768
1505
2092
3563
9208
585
9385
6899
8275
5144
8348
5218
2224
1253
583
4648
2425
773
1950
3674
7821
3914
2700
5861
8207
822
3050
6125
1588
8192
6905
1498
221
444
4154
6388
3796
2006
3426
4298
943
8799
6253
2839
6638
4666
3193
3470
8511
7994
6225
2375
146
3689
6843
2660
2354
2118
6912
4238
2787
8787
7289
5043
4820
4072
7229
4344
2227
7775
7561
4318
9498
4492
5506
8215
7204
3599
2793
2140
8781
8628
2958
8269
936
6887
281
601
7160
9590
8678
1251
4451
6154
6418
7565
7636
2639
9971
1396
3947
3572
9087
3457
114
4433
7863
9196
8781
1894
2349
290
7496
3233
2179
6069
1099
5794
7460
6440
7212
7527
8503
7460
3781
2799
9481
6674
9778
358
9740
9777
3218
5512
3773
9489
3445
2444
6451
2216
6562
5881
802
4360
7098
9990
9388
2814
5367
1804
1031
336
7293
6731
5370
5110
9561
3007
841
9353
4097
2540
5205
8137
3803
3522
1479
6917
6555
1850
973
1988
5394
6925
9231
5187
2035
3178
2712
3857
5832
9587
2992
2393
8841
5571
6535
5594
5312
4570
3128
4171
1538
7214
5327
2570
7746
4198
2334
1725
836
4498
6896
4063
4482
2570
1839
9193
3827
4801
5969
6550
4616
2011
5188
5777
6696
5196
4812
745
1245
2011
7209
4552
7340
9646
1146
2471
5220
5189
4132
1309
8830
2451
2379
1521
7200
7451
6954
8054
6386
5379
2820
6843
2707
4255
6070
3331
1344
694
583
7173
9291
7762
7400
8755
1509
1801
4942
3618
3495
2962
712
29
9584
7065
1917
2929
1458
3330
5811
9803
6906
8515
9819
5060
9346
5545
2734
6829
9009
468
2531
4263
9050
2636
8734
1438
3723
7382
6840
679
2022
8805
6709
6963
5602
9943
1554
4250
5325
3160
987
1979
3152
3857
7772
6439
7174
312
256
7424
1674
9303
1615
3206
1754
4692
6089
3702
5450
2329
2455
9703
8612
6315
834
4974
3855
5465
7823
8451
4801
3836
933
6357
6342
8369
1312
5796
2378
8971
5420
6765
6212
8756
4070
7712
3268
2660
9534
2419
9662
1332
412
3465
1298
8237
3130
6040
332
1914
9506
8190
1709
7622
2571
3594
9540
3647
3998
8497
1071
1188
8157
3721
3145
4957
2306
8930
9110
1285
960
2895
3001
6613
5369
4071
4650
5810
2879
1553
8333
625
8190
5993
2669
9512
55
1221
6234
1382
3389
5810
159
9347
7220
7936
6785
1155
1551
5544
9895
7004
4236
9245
4538
6348
4461
6670
2915
2196
5406
6574
3277
1016
5262
8113
153
3834
2319
6543
9284
241
7644
9365
2622
8927
2139
2496
7016
8546
5911
4873
5302
4684
9594
705
3620
8032
5607
813
9190
1791
9237
3324
5435
4222
7227
2926
5903
4615
2392
7778
4894
9388
5629
5957
8161
3928
25
4766
3092
4547
4718
412
6154
215
1656
3221
3947
8456
2023
7220
6533
2901
7257
2532
5815
3071
8903
6267
3401
4033
6348
2840
5370
5480
9319
7887
8512
6916
8556
2633
3430
2145
112
593
1096
9062
4981
9719
4474
7042
6272
5298
4248
6411
5379
2583
5941
2976
4186
4198
8299
7115
5482
6662
1319
4818
4464
9609
5328
3249
8764
7959
8968
4730
8890
2761
927
5308
864
380
2050
6546
2299
1632
4073
7579
9261
302
1565
1728
4422
3515
7928
9487
2976
7937
2833
1822
4241
5859
4876
1842
7761
7576
6170
1872
8625
696
3324
6073
9982
5050
2893
8698
3820
836
7124
5398
6801
3286
5496
5849
5710
6977
3499
6325
4956
4837
7299
1163
1170
9304
2963
2217
760
1109
6645
9032
781
6473
5339
3526
5733
9893
5031
8529
7309
4953
9392
8639
3663
5042
7332
9214
6168
8773
7786
5232
4268
6846
7574
6712
6403
7479
9709
3604
9545
1717
6422
197
2341
4242
5013
6286
2629
5878
3967
9005
2188
35
9706
5284
1162
2951
6330
3412
5892
6510
5754
4903
3659
5087
7995
9532
9951
9659
2312
6975
1035
1301
169
3617
6924
360
4045
6607
4696
8420
9015
3841
1162
4641
2230
2435
8533
6578
8660
6318
2215
4407
5495
1503
4465
1084
4172
7972
9884
4785
6741
4445
4696
1375
3441
2169
2733
7601
106
6530
2740
660
9988
4098
7093
6223
4714
7463
6947
1853
58
1991
6927
8778
4822
2784
5652
6919
851
8463
9011
3362
7033
2624
3742
7113
8184
4036
3616
5773
2092
2062
5877
7824
9665
7265
8275
4843
507
3499
4366
9906
4786
9267
2049
8234
2367
9067
9542
1131
3681
7833
5497
2167
5421
4621
2083
1005
9592
6712
4277
5057
5431
7370
6291
7380
4738
9123
6077
1781
7775
1874
4330
562
2934
416
6411
3537
3962
8618
7601
4250
6119
9037
5401
4018
5874
1382
8803
4300
3005
4210
5651
4913
7999
2786
6250
9147
4175
7599
5140
936
5413
4975
1229
4613
9058
5325
86
1565
3688
2980
226
5001
3987
8577
5942
3862
9733
1509
7668
5223
7132
6111
1065
2859
2807
9034
1453
3142
2331
5895
8559
7381
1962
8079
4296
4436
9267
7886
4263
2330
7405
7836
2590
5288
6291
6633
7670
890
3066
7693
250
7413
654
1473
8396
9592
3976
830
8610
5182
3243
3592
6449
1924
1692
4370
2975
2327
4686
6712
5435
8973
4137
1945
3689
419
3328
5346
5992
2961
4330
7337
7591
3948
7638
8085
3986
8936
834
8528
1840
7432
2879
1931
9839
2508
5304
7363
6230
7183
3873
8264
5891
4066
1862
816
1440
4995
7436
9266
3789
5667
3103
361
4579
5485
3125
4704
9072
7860
6175
944
1182
7408
2380
1721
6251
2407
7639
2281
6771
385
9233
5115
338
6693
1112
8345
3327
615
9945
3457
5628
6470
7163
4131
9393
9108
1004
6434
9012
6189
4051
9451
1756
7894
9391
7408
9092
9681
2687
3881
9629
7408
826
2016
9748
2118
9804
8988
1467
3889
7469
6131
4700
5266
4908
9060
1416
7401
551
2768
5855
9796
6956
8056
5940
2141
6664
6478
8087
2710
2607
8702
9438
4007
1602
4925
3182
1492
1013
4280
1863
621
9763
7557
9030
3960
6387
1486
6707
9253
4315
2321
8745
8734
2112
9681
1004
9674
6300
6643
2659
5129
6969
8484
6537
2725
6853
9959
431
2075
8306
6131
2599
7592
3476
5840
7785
6610
9039
9449
1912
9711
6649
7291
7476
8397
6226
9959
1058
6738
7293
6753
3428
6914
3700
4673
8405
8897
6793
6765
9232
9837
6809
4799
5467
963
824
331
5656
696
888
4478
4082
9854
8367
461
645
7017
3230
4875
9350
4364
9370
9812
5236
5359
1342
9199
5513
6751
932
3071
5504
9676
1803
156
574
7377
7350
5633
4240
7658
9904
9142
2565
7099
9618
6622
928
2082
7577
2527
7564
9701
5295
7334
7194
2591
1319
6917
4398
404
9094
3174
5806
6207
7467
9743
685
5696
9457
9315
452
4223
2172
1569
8746
5345
5702
2225
9044
7074
9805
9021
7262
4934
104
3806
2192
4599
2512
7990
9968
317
6546
3491
3431
1111
2410
3417
1224
1631
7983
3162
1670
5058
7151
5492
7569
6474
219
8892
2289
9630
7536
9094
969
782
6981
9087
7464
3664
6338
8103
1906
6806
8218
9836
6727
3430
6474
2835
2911
5733
1032
3833
9960
5791
2610
9128
6434
7254
7929
6112
9877
622
2097
4460
7538
3958
2330
4772
3583
7605
6452
4141
1696
5988
966
9794
9765
9605
2134
7658
9836
3899
4521
2538
1341
8329
917
6247
4811
2980
1369
4481
5381
1563
9894
7437
5840
2784
175
1920
3669
1942
6498
4524
8925
9003
954
6501
235
9971
6342
7641
5452
4801
2713
6965
2662
6327
3450
765
8100
6247
6393
1158
8103
4470
4614
3477
2211
4253
2725
3601
2925
8329
5073
4927
510
9813
1528
2708
8177
2034
37
8611
5324
546
6306
7224
4420
5434
4648
3280
4769
9675
901
4869
2548
3747
9418
8953
8175
5812
8655
1621
6708
1694
7022
6946
8406
8406
3433
1439
4681
4852
110
1324
3349
278
7730
1307
9380
9197
7009
9963
8142
6910
7202
76
1356
8369
8648
949
198
185
1106
8791
5438
1164
7361
6978
6506
1733
8133
7803
7233
7569
6045
3894
4338
8219
1596
9227
1015
7143
490
5294
877
5975
5346
6882
7345
4309
9030
6238
9767
4620
4601
4778
2822
216
2520
9054
2281
9951
4747
15
639
6884
2188
5288
950
9405
774
405
7806
9327
6188
5148
9365
5506
4476
7759
8027
7751
925
4110
8903
5969
9692
9221
8939
2547
2782
6951
9362
6024
5347
7148
5686
1404
8311
2523
8244
4045
3355
3059
853
749
4066
8838
3925
1857
4285
4570
9928
573
2419
91
2489
9572
1385
158
1711
1871
4315
5893
2437
6611
2976
9258
8034
3038
1866
3038
6610
8611
3362
2088
1935
7855
5850
2133
2352
9205
4669
1259
3874
8872
759
9629
9088
6501
2913
3720
882
2470
4202
816
7524
5418
6423
4907
7903
3574
613
2453
5049
1822
6845
6379
1940
5298
4499
9862
9617
3560
6678
4611
5076
9449
212
6191
8410
3884
7126
1885
2886
9987
9292
2899
4789
4160
96
9540
7012
4812
1119
1291
1143
8495
5714
7809
8222
1694
6097
1717
3004
5605
1291
2519
4952
3563
6642
3800
8107
8720
9617
3518
4482
5054
889
6202
6723
1943
9166
2012
2718
5110
2278
6118
88
6760
7060
6858
2487
3797
7938
3462
8306
182
9058
3429
1038
8685
2956
3554
8588
9465
7309
9347
2148
6027
207
208
33
8792
1580
1462
4434
5108
7751
6779
599
9997
2333
6721
2538
5316
2658
3308
9112
5302
1710
7626
357
1468
8054
6811
8239
3401
6730
3141
1636
6880
3435
8753
2394
4817
909
5293
3746
9804
5392
6057
278
2734
1675
2535
5504
6207
5713
6990
4675
791
3275
5199
9551
7497
2874
3434
761
6931
9887
5697
5616
1301
1992
6714
4921
7478
8818
5849
4100
7141
3051
4459
9054
7956
4148
8695
5270
2954
9127
5705
1218
2868
3821
8208
5365
7800
345
2931
716
3312
5633
8596
7201
564
2853
1510
6089
1419
5058
1214
5207
8260
544
6970
1156
9232
7956
4896
8957
9973
4530
5962
4809
500
6165
1784
5476
1222
3135
1770
4833
2243
6163
4467
9143
9178
6598
6215
9425
4185
4019
7158
4026
4415
8585
2462
1071
5037
2256
7472
9705
2971
8065
3033
3778
7803
2301
7582
856
6267
8300
5572
8622
9663
1045
1946
1617
4639
8374
5028
7072
4419
3736
2029
4292
4341
5748
7056
7781
8856
7685
8831
7953
7799
8352
582
2642
9704
717
7205
9859
9454
3498
7797
3007
5155
3470
8005
9686
7059
7124
1125
5515
5619
1552
5583
5138
9917
4318
4412
3303
179
3600
9817
7287
7665
3679
895
5634
9589
5847
2334
1869
390
5834
7828
4422
6012
2433
2914
8600
8851
9990
8577
5372
3925
165
6630
5469
5370
9352
8558
2596
1331
6184
2640
9125
9424
9411
740
8079
2006
3338
4316
365
254
6331
6285
5934
9961
2526
472
3685
6206
4554
8831
379
950
3219
9816
8542
6635
9301
446
3778
9527
6805
5639
9831
157
5013
1941
4110
4698
500
4968
5745
5074
9258
6311
8580
9657
4741
628
3208
7378
250
9203
6517
7832
8827
7400
639
801
444
7329
2811
1928
1909
5681
7317
5578
5762
2205
2908
8326
3792
3305
658
6981
4461
6881
3278
4447
6258
9520
1721
9949
214
7291
8290
6767
7444
5386
2853
3053
4722
2342
2983
8310
9049
5993
463
6833
7809
2758
3580
9276
7048
9076
6054
2952
1155
2466
126
4736
3968
1278
17
1939
5520
6993
116
6622
5699
2823
580
6101
847
9571
6421
6185
1972
5799
6271
9042
8329
7159
2754
7874
876
2544
2760
818
7897
4527
2657
8759
5651
4166
1912
6065
1435
994
4733
776
4949
8991
2543
1022
3549
8805
6227
7741
6680
7097
7265
5924
8289
5118
7096
6700
6963
8448
3101
3618
3586
4980
9924
8661
6917
6562
9104
9145
6425
4726
3988
584
4907
6606
4576
1403
9060
8645
4340
7954
4244
9022
5338
1097
7847
961
9251
8326
7231
9360
9397
9199
4824
7503
608
7599
8615
5869
9530
1666
5579
1958
8008
6782
1111
8654
1133
9229
5803
9635
1717
6495
5711
78
706
9321
5179
774
8546
2626
4500
5928
2578
2294
8761
8015
5635
5857
2842
2136
142
5119
4056
6187
4134
341
6159
8691
6157
7895
3916
1117
8427
9224
5304
7858
8804
6537
2970
3984
6362
2513
4106
7973
9513
3385
9274
3590
6485
4383
9743
2034
8322
7664
6013
9071
7439
7692
1758
6823
1193
6637
4216
6611
2399
941
3504
339
6929
1350
4735
8853
2913
7032
7303
866
7536
8926
9256
7260
8813
4399
4553
6373
2881
5180
447
4103
2431
901
9613
2851
9281
5173
5188
7133
8540
8357
2847
6352
5787
2763
468
4058
7633
2742
1398
4437
7463
5266
3356
4626
8796
9484
9676
3069
7024
1332
3464
5910
7221
3121
6951
3384
8017
2138
9755
5578
5411
4212
9269
7096
6169
1317
330
5803
789
4930
5599
2682
1962
7876
7491
9533
2822
1890
3606
6820
612
560
7740
6313
4696
7689
745
4071
9318
1331
9284
2879
9707
7164
8686
2737
8826
9241
6399
44
6367
1400
6893
3626
5323
8230
9754
2072
7620
5413
3846
2371
7043
1675
5005
3297
7240
2279
1486
7899
3403
5157
5917
5378
5881
5330
5620
1684
7656
9437
1710
5783
3428
5292
9811
762
5463
9831
6056
2794
784
9516
2630
8918
6582
1976
4592
6323
9889
815
3848
3659
9166
7741
6121
2030
5350
3008
9965
1047
1098
2198
2741
1228
1944
4492
5154
7471
9780
4159
554
5922
9485
2163
878
8732
4427
399
7132
6165
1652
6388
2872
7207
3248
8832
4423
9287
3437
667
1199
8904
2026
4622
9394
6998
2721
9406
805
7785
9614
7587
6844
8674
9530
4789
6448
7185
3267
215
3633
2622
9267
9721
8577
6607
1839
7860
1267
3208
4731
8984
5339
1003
5978
4783
7954
6375
6373
1335
1240
6498
5309
4245
1935
4068
1110
9003
7991
6614
9987
2878
2805
7805
5992
9882
5095
6029
2201
4948
3310
3403
3727
9694
1718
8025
8816
1605
4162
9189
8803
7631
9747
5594
4635
4093
3448
6359
8189
7008
7501
4760
5463
7132
7094
2585
1209
122
3727
5572
2311
5732
3552
8708
9265
2891
6489
2868
5544
3448
1778
2571
7227
5639
2520
2624
8999
5393
6378
3174
5653
1763
8433
761
681
1731
3036
4025
4659
5658
1335
6268
5961
629
8296
9187
5498
2917
4190
1972
7320
3792
8049
7084
3699
9365
4790
4821
3693
838
8133
5433
2171
2696
7126
2074
680
1048
3740
8945
6498
6448
2459
738
6963
9855
4674
5010
6176
7982
9433
2926
8034
9566
7402
262
6597
1545
8255
2485
114
6426
6351
1388
9194
3340
7519
5627
8626
5881
2608
6
9142
7588
244
9205
8260
1016
2179
5498
9999
7159
1264
9123
2707
2006
3017
7104
4552
9314
325
3085
7582
2773
4939
1798
7748
6059
5378
2541
1530
1943
4449
6077
5744
1400
7608
5734
3482
2999
974
6612
4170
5896
5978
6788
3336
1684
3906
5273
5841
7160
4737
9712
7677
7213
7775
2705
8685
8195
7062
2181
4150
6672
8078
3388
4108
658
4105
8572
9382
1245
3155
7261
7215
8488
998
4169
5394
7409
2236
5687
6693
4173
6942
4991
2275
4887
538
6583
4196
2005
946
7005
9500
5476
5725
7347
1347
5858
367
9261
3173
1260
2505
3220
6405
6401
700
3460
1963
939
8170
3641
4895
8674
6086
2407
2388
8865
6598
2259
978
596
1860
3703
2630
6739
5140
8487
5998
5764
1097
7572
1239
6504
7622
8385
4970
4475
8341
2430
1828
2096
1474
4949
1559
7009
616
3804
5469
6272
3405
8240
6836
5567
1027
561
6439
6290
4649
4286
6897
4493
415
356
2645
2807
1538
5009
6500
5487
6343
2086
1427
3390
9759
6899
7659
2827
1686
2576
4182
1328
4045
5891
5751
9589
3317
1426
990
4125
6517
8904
9325
3091
8803
4023
8520
1037
7386
4599
1471
9770
453
6119
1657
7468
8949
8700
4537
99
6555
8621
8493
2852
6486
8858
9699
5556
6159
4537
2194
8456
204
5044
8484
3001
7435
7273
3088
8690
7399
1710
5869
4937
8713
3237
562
8094
1444
678
1465
7139
9952
2059
4586
3580
7991
5925
9537
742
6348
2397
6593
936
4458
2558
3783
510
6516
9479
7273
9529
8362
1634
8818
286
3437
822
8358
8461
5162
6935
6549
3909
8431
9543
1908
1048
5510
1009
9337
672
3865
3089
9159
6099
8212
2602
5422
8409
8098
9208
996
4592
447
3109
3880
1036
5463
3556
3562
5340
8552
9502
913
4777
9945
9580
9142
4219
8024
3249
8106
5496
4151
585
2374
6736
1663
3744
988
6169
1922
5519
6180
6794
8132
5672
6838
192
9576
941
6455
4645
9495
404
2163
7808
8137
6598
516
2497
6821
7399
9008
1109
5013
5163
758
8532
503
7787
3440
537
3731
9049
8489
5807
3863
1454
5246
8033
9634
1200
2705
3344
5571
5597
4570
2335
3875
2526
3014
7065
5162
2927
93
8197
9865
8259
7014
382
4436
6529
9610
5411
112
8627
9736
7242
8227
4035
513
5142
2120
8412
8214
6366
2299
3172
8061
4563
2669
3794
1330
223
5054
765
9994
6584
2376
181
3968
316
504
3676
4423
5018
9727
8861
4356
2055
8387
3530
3127
9480
4281
9661
2513
8426
862
2603
1070
1261
5851
1300
8694
7798
1738
4462
6803
6161
9370
9700
57
8167
711
2147
6819
4972
2660
8665
1467
378
4778
7302
6686
4005
7429
4393
3213
4560
7855
6950
7303
7091
9307
6478
1362
2472
4037
1335
1883
9288
8840
5579
5120
2006
2737
3381
4764
8633
8838
1934
4003
9551
6600
1307
703
2593
9690
1562
4258
9135
4210
1082
2060
4750
4569
1327
7864
2992
3675
8469
1480
1813
9177
1019
8
2979
16
6586
1731
8168
2878
4683
9015
534
5539
3615
4934
2334
3629
2851
9154
7765
6322
6824
2203
2750
804
3885
7603
4531
5350
2305
653
5253
2373
318
9152
444
1687
1144
5505
4977
5148
9091
9124
5064
789
8503
835
6508
3539
4463
7438
7642
2794
42
4593
8141
4111
5858
4262
2044
8663
3860
1830
9443
1982
7736
5602
1310
464
8763
9313
231
1658
94
9497
5065
9466
4177
1249
2074
4151
2833
989
3611
5707
4948
8685
2400
131
5271
4461
5030
6784
1432
7861
6264
1627
7211
3694
3041
2722
9929
6350
3248
3977
3551
7321
2534
6477
262
9742
1869
6912
6679
7055
153
1782
8717
2287
1336
3281
2349
6091
8917
8397
5711
5543
4615
9792
5970
2785
4038
1699
573
2212
3453
6742
3741
2178
1428
8942
1823
4914
2482
511
9186
4401
6251
703
9534
5869
6521
2711
4092
6317
5905
9887
5469
880
3218
3942
7693
5314
9312
85
5016
1585
3954
5205
3677
9684
1478
4563
7361
318
2817
7200
2033
4859
9566
3845
7386
9816
3956
5202
9404
1519
8923
6417
1065
6948
8522
5687
8583
2490
1141
2713
3469
9972
8875
4225
602
925
7418
5354
1981
4513
3823
5015
7328
3546
850
6884
1451
590
5634
7545
8493
9434
4757
8903
111
1484
9606
1089
562
2203
4924
6627
8737
4929
971
8399
4412
7822
7941
5567
7347
5642
8092
206
2159
4451
1707
3802
1745
7430
1369
5855
4686
1455
5799
2237
8880
47
2184
5927
5907
6447
1111
3160
4656
4725
7247
8241
2535
6111
1840
9779
3400
591
2079
2405
115
3257
3109
9012
8237
7061
9144
1980
235
3763
1054
4765
9155
2179
9218
8164
2038
2443
5458
4652
5673
3482
4939
4837
9943
7784
7174
5938
3311
2121
2355
6952
7690
8318
5155
509
2527
5988
8574
5983
7155
2438
9820
1767
217
2020
6097
7712
4530
8412
2898
6719
9199
854
7255
8510
2384
2685
5489
9840
2716
6597
8249
6603
8452
7012
4278
5681
442
6923
810
7016
7832
826
1104
8811
669
2109
928
5303
7994
1952
4207
2173
3230
5561
2185
5296
8429
3182
9948
8788
9641
3575
3905
9302
5002
9964
6027
2762
9971
8783
4499
7083
8265
5180
8614
831
7314
3618
6846
6346
3736
9398
3104
6463
9342
9591
3326
3332
856
3674
3346
5694
507
796
7836
9663
6390
8614
8803
9711
3890
3510
4254
6161
444
8080
1302
9926
9056
2659
5923
314
1026
8895
6537
6050
4749
9872
7246
3541
863
9075
440
3709
1097
9265
9735
6273
9733
1979
1997
7087
5485
2821
9865
1464
8118
9333
5887
364
3369
9953
3439
6841
5784
8098
951
9890
2581
6495
7088
7022
6283
7576
969
366
9668
1859
5165
6688
1042
865
5972
7729
595
3398
2159
5810
7852
3710
9883
6060
5172
4961
2399
1404
2326
2595
6612
4873
1475
760
5359
1594
7845
6379
5626
1362
3708
6200
6017
207
8141
7417
8176
5634
7147
1501
9504
2984
6517
7059
8926
3137
4404
8006
8387
7728
1177
8873
4160
1123
419
2282
8443
3559
9768
290
2337
3809
6300
9941
9058
100
7873
9957
6281
3989
1645
9035
1492
8788
5206
2168
7386
4255
2760
1114
2119
1200
1860
8985
284
680
4438
949
5237
2732
3080
2392
1017
6301
7048
7089
3724
8407
8524
4081
7010
5152
9184
8383
8983
3384
495
9216
2678
7901
4686
5458
7158
6498
3874
8126
7364
5043
2478
9911
798
7043
5163
6968
3840
6392
1435
878
8051
7712
4347
2148
6295
7423
1752
4476
3973
5340
5690
9629
3111
3292
8008
3284
9139
3969
9344
6278
2836
7329
5302
5375
6242
4243
1009
9318
9366
3480
4458
8032
739
7668
55
6638
1892
2234
5612
2895
1695
1568
3595
9094
7476
6524
4079
7083
7987
1421
3573
8838
1759
5356
7885
7555
4366
7677
57
1339
43
6020
5919
6955
2922
4944
3126
6320
6861
5464
1620
1383
9643
1718
5076
5295
5797
8660
252
4662
6544
2948
3753
3210
2441
1195
9293
1734
1757
3702
7162
7908
2209
1506
2867
819
1334
6266
5966
545
6549
1508
9204
1626
5404
2425
1550
250
5865
3441
9746
8104
8849
4669
3900
8515
5209
1305
3043
2800
400
6143
1427
2215
2853
5327
8187
1941
2133
8154
2364
38
7753
21
3448
2711
3388
5462
3374
5565
3962
373
9446
3947
4400
9468
8667
265
4718
6415
937
5192
113
7406
8344
7470
8098
4770
9157
3976
1514
757
1862
2856
1716
6331
7202
3198
6054
3681
8874
4195
8777
5
5813
4936
771
2623
562
1018
9756
9320
7039
7808
7236
268
6193
6641
7018
572
1948
2921
5472
2742
7278
6421
1540
9964
2922
9651
9251
9490
9464
3071
5451
3318
5593
6603
1448
4634
1325
7372
8085
9423
7148
1854
78
6766
5946
4928
8887
6595
9457
298
8637
4607
2809
5368
7899
7713
2990
9755
8446
958
861
4002
3720
6899
6338
9073
7275
3696
8912
6430
5362
5280
9601
2670
9692
2885
270
7759
8535
5951
2452
1368
2419
4328
7120
113
7966
1229
8848
492
9233
6301
9984
6343
3140
189
1017
5244
7038
7507
2674
3089
7550
3995
3183
6218
2869
6943
8672
4469
991
700
3477
5409
2870
9532
5752
8449
1157
9003
2249
4188
9620
9792
3886
1744
5340
6294
1529
6672
1315
466
5005
7354
8916
5603
6854
4434
3776
339
6305
5376
2867
2333
3123
5424
3740
347
3128
4661
395
4098
6053
7880
2030
2161
4329
6114
6303
5759
9859
850
7467
6380
214
6950
6855
2228
6716
2339
8512
5327
2535
8841
2334
9250
3183
6012
3181
7263
9383
8121
8603
9410
1345
20
2648
4023
2502
4442
8814
9263
7575
1082
4907
6610
549
8265
1834
7507
422
2516
3950
2361
9217
2933
5248
2184
7379
9422
391
1360
2635
7846
6355
5840
6968
9195
4206
4709
2096
4114
9672
395
49
2456
4645
7604
1901
5619
9383
3925
2884
3454
2107
1726
4930
5287
7876
9388
4791
3569
530
3162
8159
5398
3264
6550
102
6754
4141
8812
5981
5695
2925
1555
1332
7523
4546
5402
2524
6856
5956
5192
4136
3304
7505
5989
4849
3010
907
5212
6059
1029
9369
2530
8819
5964
730
9232
6504
9364
9336
1572
4101
9995
4475
1682
248
2966
7475
106
1553
9168
3608
9932
7503
1191
1982
415
2332
3342
9253
3168
1918
844
6264
5939
984
1185
2637
1444
7189
4450
2469
7966
4125
9066
51
7008
2418
9849
189
678
8113
4448
667
6865
8485
8147
1951
9792
2455
9264
8020
5296
5577
5049
9983
5654
3477
7240
7597
5426
3712
8390
6516
6706
2624
3059
4436
4771
8205
9698
2923
2564
564
8124
3040
8013
6972
2011
5439
4961
3407
9192
5229
9959
1696
8525
4684
2872
708
363
2600
9363
7095
6390
2290
6004
8165
6847
5107
5049
9231
3632
1168
1769
351
2592
7176
807
7042
9488
2879
9338
5140
2111
2812
2397
1495
3807
7472
6980
9364
6834
9384
913
6331
3625
805
357
9221
8811
4693
1156
6935
403
4345
1591
4393
3737
2935
4540
5491
8486
8353
7380
4741
8783
977
1254
5825
9778
5338
7568
6510
441
412
1298
7088
9753
951
7228
8445
298
2775
1206
5980
7806
1574
7521
959
3501
7870
155
4772
6987
4525
1178
6658
9547
6383
2047
144
9595
8914
2347
6076
320
1086
5970
7383
1061
9561
6203
6545
6876
6748
9729
7845
7314
4992
8555
2496
2205
8395
9887
4991
6615
7229
8354
6916
8543
7007
7521
822
3013
3292
4522
2323
888
4116
2312
3266
4316
6290
864
3857
7259
4198
2604
7972
8455
8202
283
4261
4891
8821
4088
8362
1092
6718
457
1544
9804
7289
2801
5625
4411
1086
4170
4411
810
5413
9710
7464
2629
93
8057
2729
2175
1215
7207
4015
3813
8267
6679
6089
7648
1400
9191
7779
1772
6966
7289
4544
2755
289
4136
1155
5109
6875
6365
8594
9934
5976
7990
9061
214
3435
6020
9071
2065
8377
8608
7781
1024
3387
8451
2095
8768
615
4510
1208
4778
4105
6388
8774
1259
4748
9602
777
5866
3132
1135
2794
1646
1967
48
3355
468
4244
8995
1419
5751
2295
4129
2303
5899
1524
4489
9815
1720
9482
243
3764
2919
5122
239
8251
4903
1475
4695
6302
8636
6899
9020
1858
6026
9273
948
2512
8153
7936
55
8803
5493
4648
3063
8051
4443
8178
4505
9604
6088
7445
5803
4571
1673
441
8602
1625
6587
7013
6404
9798
1142
8532
2059
8289
2444
6043
7997
4266
8111
6735
4589
9550
1276
4499
3910
1088
5607
5094
5129
713
9593
7138
3395
9840
6570
1307
2102
9453
4316
1450
9418
3113
8559
9934
3928
6916
3764
6909
8877
6530
4787
3475
5747
144
2711
8116
4826
2747
2881
8638
4221
875
5942
4431
8070
4525
4824
5890
5416
9979
1375
3135
2106
7279
7562
79
7847
5568
335
4066
1022
540
9483
1506
1911
2469
6131
6730
658
8867
6553
6909
7590
8011
4288
5651
8742
4073
6263
9682
1203
5344
9254
2088
9255
8358
6606
7785
5372
626
2696
9887
6986
9860
9023
7484
9106
6045
1396
9528
2364
8536
5539
7901
4881
2167
9947
5090
4009
9965
3408
2075
280
4315
9036
1273
6972
8568
1952
3774
202
6442
4995
5250
4215
7835
6960
3767
2357
4924
6385
2414
9853
660
7204
6523
7868
2476
9051
7877
2919
2535
1214
2811
719
8627
5562
7602
4393
3120
4556
6288
3781
2700
6522
4040
5273
2227
846
6678
9013
7687
3377
6136
2054
6371
195
1244
8399
9276
9147
841
2525
5259
7047
3473
1794
1400
9889
2011
3884
2609
4339
1403
2412
1396
527
9914
4587
6875
9500
1922
4612
6480
643
4888
9446
7016
8399
2727
8263
9807
5677
7270
7335
3831
7898
3441
9896
3775
3783
8296
3288
1464
5365
2584
416
2726
2236
5982
5732
4218
8108
5627
2203
5786
1379
5601
577
4836
4260
5743
4703
7897
390
6716
1923
9052
353
99
9509
2234
6284
1704
9417
7984
5049
3142
6992
2157
8651
9038
3787
513
8037
4393
2796
4411
5893
6221
3195
1944
3368
4641
1001
9230
8609
8207
1419
4945
1820
343
261
9220
3517
639
5862
1559
6426
6503
6395
345
9439
8016
1281
8192
4114
822
8443
7540
4887
4678
979
2969
5383
6945
9448
916
3031
4334
5805
87
6138
1427
8069
9105
8360
5252
3242
6995
133
4654
5837
2728
2522
2203
9663
3317
2827
8256
9581
1841
1781
9509
7913
4630
5582
5288
4465
126
5022
9235
4472
5143
9027
8034
7519
7381
1489
8242
9575
904
3612
6450
7116
2210
3034
3918
2261
2426
8101
8143
1705
2478
6599
9232
3086
8686
8640
5448
2069
4721
7606
7370
8127
8941
153
5487
7175
9904
187
6845
9016
1539
3619
1262
7211
9052
2726
9349
7285
6376
2231
2625
8842
6315
1060
2231
7375
941
869
9361
9815
816
9588
5498
2606
3599
5101
8849
4288
6
7815
7994
917
3461
8442
6251
4774
1035
3770
8559
7497
6234
2936
7577
9526
833
8333
2289
2278
516
8828
9061
7398
7267
1800
2030
6305
1762
9125
1162
732
8852
46
4928
922
1623
1647
470
6360
6803
9790
2877
8765
379
8691
2097
9457
7247
4598
3154
2979
466
7538
4699
9737
59
902
7568
6020
2497
1109
6560
7147
3951
8156
7782
352
2128
6660
8097
4338
5380
64
2043
2489
5255
8537
532
876
1827
6912
7061
9369
497
3272
2622
1525
9763
4263
8273
9454
6415
6718
9812
6669
4104
3092
7991
8273
9869
7260
7806
952
1042
8597
179
6536
602
1583
5256
8715
7688
2962
1859
3875
6205
9100
2479
608
8204
4847
5178
8843
7209
6996
3338
4081
3338
3049
5331
2369
8384
3690
3315
2184
5212
4986
4373
6285
4842
4688
9064
8565
4251
741
7508
9781
4783
4768
8824
3326
6239
8961
8518
936
7563
9175
212
6645
6827
6170
6214
5478
937
4396
8050
967
5161
7132
6845
2062
5157
950
5482
5023
6849
3382
7919
8354
1866
3030
3716
6579
7364
5864
2683
9954
2776
1562
3267
2487
8849
9817
7901
6226
3939
2486
5408
6744
9312
4938
3027
1090
7356
7433
2292
9195
215
9927
675
3104
2719
6475
7666
3689
2155
4646
7249
4838
6353
5599
2101
7597
2139
1505
933
167
3837
2466
3930
1267
9583
7825
4542
1233
6578
1595
7179
1186
18
8551
9909
1313
7670
3540
449
5831
985
5674
7327
9122
3227
6309
2056
4782
9801
2503
3397
2894
8848
632
169
8563
7490
6432
8533
6466
1370
2796
4907
8981
1590
1075
1849
6364
7759
3484
6585
2885
2616
5502
2069
7658
9200
1770
7395
2851
6046
8407
5168
2045
5072
4674
9573
6518
8292
4025
3539
4464
916
6892
948
4108
2331
2634
8041
148
6657
8352
736
9729
19
9423
518
4189
7444
9848
4147
7962
9820
8600
4033
6377
1570
7272
8252
9899
6986
3581
5145
213
2143
3972
4142
804
8057
723
8293
7231
5355
9236
6786
8344
4137
6805
2567
8445
7530
1022
8666
8629
4029
1549
3257
6100
9099
1371
1653
266
9250
492
2053
3831
5696
5917
5754
3176
6068
5153
2895
8830
2325
6891
7336
5016
9510
664
3427
5093
9086
8464
9156
1915
1300
4201
4115
2121
5838
4507
5489
4075
2737
560
2703
8428
7021
7729
9682
1829
7960
8622
2023
7856
9782
2758
6003
2196
1385
2688
7415
6520
8107
5317
4701
8953
5565
8546
2704
3122
6864
191
9213
7848
3834
5090
4317
6575
5491
6706
8919
1125
1520
3796
61
7769
9869
9744
6047
7654
8004
9139
4231
3348
4630
3379
6572
2196
5129
8649
1703
4427
974
292
2869
8288
203
4236
1754
4599
6786
4894
285
2061
3990
2838
3331
4483
6331
7225
5720
7568
7942
7657
3324
6503
3600
4792
4165
7420
4602
4551
4445
6767
6118
2215
4312
5853
7516
773
9254
3200
2286
5387
1077
6721
8281
9573
733
9526
286
1525
4947
9493
4189
4918
594
4875
9596
6524
5607
8785
8282
134
6589
5108
6465
8926
4799
5356
8840
4677
5212
33
2139
6841
9468
3116
9265
9806
2833
6866
5467
4859
3702
8443
3043
7609
1662
568
3486
9369
5162
8142
5247
350
1813
2487
6010
4310
1651
2999
4387
3515
3878
8133
6291
484
6636
1341
5157
7687
5307
7964
1908
2638
7714
8705
82
1752
4707
9223
9489
303
8528
487
2325
277
1903
7129
7956
366
933
8439
7999
3521
7455
9231
296
2952
7715
3345
4124
7137
6569
2695
5298
404
8476
7230
2533
5845
7204
7627
1663
2183
8072
7314
1088
3524
3762
5811
6940
2718
2896
1406
9488
4099
2208
6548
2193
8929
8355
846
1312
4697
7656
3092
4757
6593
5510
2631
7461
4024
2699
8290
5157
6546
6907
2604
1468
4857
493
9927
2016
7943
6838
8213
2349
8082
7302
8255
8445
7551
7973
290
1116
5302
6914
744
536
7917
5068
3401
3592
680
582
4665
2847
3448
4747
7361
2939
7222
401
7434
6867
174
4243
519
683
8043
965
8168
9546
7336
8750
449
2252
4757
4726
2286
9622
7797
3085
5149
4254
4188
2240
1836
4258
7688
9558
99
6648
3212
5626
4033
6035
1472
8821
9740
8548
130
7172
6846
1124
3370
4565
3703
5087
2238
5149
704
2664
2835
3048
5613
3429
951
2535
8475
9793
1731
2246
6162
1073
5143
456
676
9223
8144
7022
6249
7143
7644
9948
7320
8525
4773
8140
1831
376
7013
9250
7370
7576
21
6478
9475
1361
6570
4894
640
9913
1251
185
8301
222
4225
4450
7472
6226
9441
4833
8890
5550
5374
2159
8131
2978
4339
1553
993
4980
158
8094
7505
2052
1729
3256
986
7970
1885
6742
9175
4582
477
5988
2362
7965
7997
9109
1538
9600
5795
5211
6440
8229
268
3139
8781
2383
1190
1737
1728
6043
8407
7649
119
9684
7623
2866
4776
1860
9312
4180
6774
6085
6449
6370
9580
2616
2871
6774
4151
4316
7818
7212
6457
6060
1185
8281
9814
2036
627
9379
2542
2708
7779
1193
4725
6602
7901
5080
3908
2336
1863
2995
1924
2796
6259
9629
120
8649
165
8882
318
8131
1320
3542
1313
9131
3750
7197
9789
3105
2801
2238
2460
4405
7687
8578
2678
2854
7233
6581
691
9601
2474
3260
3052
5858
4482
1949
6565
1831
9297
8698
1374
9355
7545
1121
3528
2356
8682
6666
161
8078
9748
150
9874
7632
9651
3021
8629
4275
8686
3887
8186
9404
6396
1844
7437
6534
6508
7332
4578
8007
3215
255
3892
1171
7414
371
9583
8380
2610
6202
8322
2445
9017
5207
4164
177
3560
8226
2933
9196
1392
111
635
2087
5418
3285
958
6266
8491
9002
4749
7279
3757
6725
6717
8398
7305
2209
5434
195
5125
5856
8788
7130
7014
7485
2212
7853
2667
7121
6438
594
5064
8819
1481
5794
501
3704
2765
5768
81
6977
4599
4536
1481
767
3673
2922
7926
9428
3044
9760
4951
6591
756
8630
2408
4807
1763
9015
180
23
4997
4634
3666
4589
5899
5393
9188
8772
5319
9307
2311
4377
9148
2335
8808
7598
2247
1337
9460
1390
7347
7468
666
2131
9401
2818
4112
3650
9908
8702
1833
1120
3668
4065
1350
3762
4723
5385
1105
7656
2420
4674
5347
5208
5270
7660
4519
6775
8761
7600
2118
6218
242
5978
5140
6056
2513
724
585
2850
7766
2622
930
118
5767
6944
8785
2248
8441
1315
8841
6122
8568
2241
9491
6636
7933
1947
1320
3883
9851
6274
3489
3755
6316
904
2518
4094
2763
9108
1010
6580
3278
1733
7035
8989
6441
5439
3028
6148
2057
776
3148
9065
1934
1962
42
203
9768
3138
4466
9696
4663
6749
751
6743
6743
5009
9596
7330
3385
9252
1483
8646
9967
120
2121
7391
4385
2123
1739
3950
1641
55
5617
749
7398
8971
2099
5997
5603
2037
5686
3134
5765
8350
9971
3322
529
3513
2349
571
9767
5337
5301
6882
5032
1039
2473
7627
4445
686
4608
4757
9057
5577
5181
6940
2005
5327
1929
5000
3476
5221
4274
2928
94
5190
9300
623
7980
1731
6133
8518
1653
6815
6624
355
1768
874
1648
3442
6799
3899
2094
9770
5592
8704
1070
8921
2861
8236
6700
7555
6218
4633
7368
7213
4129
1304
3299
6124
3174
350
8178
5437
8892
5707
6388
943
341
4082
2672
3260
8098
6218
3894
4674
539
6709
2204
5753
3493
3179
8093
4795
6721
2101
3134
7212
3905
3958
9267
7010
1642
9672
3525
1171
8777
114
7804
1770
879
6428
6382
5197
1104
6822
730
5307
3471
210
820
5431
6885
9106
5469
2127
4106
4571
4780
4948
980
211
2110
4754
1032
3901
1083
8546
69
7602
8217
457
5145
104
2609
6394
1424
2482
5694
814
4420
2327
3222
338
5881
8002
5932
2323
7989
8586
8309
3837
1945
6861
2079
2685
4765
3832
8166
8679
3276
7142
1103
6760
4917
5022
5738
3898
126
7528
1314
6908
1341
5414
1817
6629
1641
4348
6974
8432
9013
5528
1345
3516
9370
4068
7455
9999
4635
8611
1445
8106
7656
1113
1448
9013
5441
1907
6477
825
6259
8446
9488
7223
8891
702
4051
8194
6564
7548
5757
5859
2982
7656
5281
970
7294
3657
9134
4205
6307
2753
6664
7632
2961
8365
1682
7589
1113
7797
7443
0
4077
8088
4737
3440
1969
5035
3636
8354
3746
1031
7762
8599
2714
1134
4982
2799
522
9504
3387
585
6838
4401
9083
681
9238
500
7723
1068
9526
4396
5627
1333
8968
7865
244
2334
6890
3329
3864
6844
2315
8087
7315
2108
345
7792
3844
4269
3591
3922
4386
7487
7983
4629
411
838
2875
6330
7111
9772
4880
3415
3905
7255
1201
7647
8066
9367
9063
3067
4590
4587
3248
707
9837
5060
1138
6469
3637
6523
9728
4586
4968
5030
4280
9962
9493
1956
588
6852
1202
7668
2587
7985
2185
1104
7840
861
7387
5718
7470
9181
274
7979
493
5028
1139
2591
228
2055
7976
9477
1273
537
6019
8298
7243
397
1715
1211
3884
9530
8790
6441
9519
5021
7564
8242
2304
9775
4196
5992
9816
1736
1997
6086
2925
8203
4793
9222
6560
7446
1880
8916
1134
3862
1694
6164
973
7571
3486
2254
1513
2016
5878
9679
5494
892
4137
8361
5389
2230
9774
3194
8887
1073
1252
2075
7244
4079
9240
3482
1228
3533
135
3084
1697
8946
5905
1397
4097
471
9373
5997
1894
9232
2877
7901
2091
7981
3814
2060
2067
3049
1657
9333
3934
8034
1312
9295
353
6045
3867
4538
5038
6535
5755
9058
2352
9616
33
4626
4352
7746
2950
1134
8626
8369
645
8180
9225
9037
9228
1689
1673
375
739
8038
6400
7445
3979
6339
4721
3981
918
169
7027
5060
4840
5501
7503
4861
5960
6098
7628
22
4818
1317
9172
7025
9405
438
2130
2403
8941
6121
8373
7165
224
9420
6157
8608
6065
8007
9532
8503
6117
7150
3444
4832
3066
981
8332
616
5309
7110
8788
6411
8353
5161
9274
4522
778
1240
6401
2000
9221
8410
8458
3612
5890
1359
3914
5411
6767
5070
2315
9664
5688
1322
5982
5056
1153
4292
2276
1713
8623
7628
9483
2038
6425
537
4270
6141
4356
9786
9814
8745
4767
6209
1182
1341
5391
4605
4415
9135
2225
6261
5426
6591
4412
9793
4810
4193
7686
5346
9032
743
8442
6542
5045
992
6371
4583
5392
1614
5997
7376
1567
5539
1745
4310
7482
9195
3218
5264
5934
3402
7634
7247
9968
5613
6877
5343
9032
590
6202
4910
9980
3238
1184
4269
3281
2848
1125
261
7419
8504
1229
1387
5855
2730
9317
4242
8364
4627
6541
7829
8399
297
5882
8270
3433
7012
1013
5561
5842
164
3390
3900
4682
5439
8409
7874
974
2798
2928
3563
1065
6134
5910
3974
5758
3625
3633
8272
7376
7250
1024
9835
4878
6621
4737
1553
8605
753
5557
3169
743
1676
7157
5150
8667
4108
1557
1629
2936
1923
6588
4439
8955
403
4438
3797
3547
8176
5248
9344
9930
8634
7394
6625
7537
6675
1876
3424
5070
7366
6262
3740
4045
7887
8070
4363
8069
3494
559
2405
2155
6398
375
8005
3908
2802
4872
3371
8043
3558
9813
5173
7568
9946
3668
3961
4041
4107
220
6499
1346
2160
4651
117
1968
7558
3349
7180
4933
7097
6993
3695
8929
9916
9604
9834
853
1826
4214
4095
9641
552
3731
7708
1456
6457
440
7600
4578
2976
9898
8802
1610
2496
2243
4117
8589
7568
3361
5536
2031
180
7615
336
2601
6659
3750
6506
6304
6539
9243
4069
9369
6767
6539
6060
9710
4786
4565
5603
772
5987
5085
7398
4905
4791
8930
2236
6748
2800
2880
7284
9143
3550
9064
9976
2550
9043
7485
7709
7328
4493
5081
3854
5322
1950
4923
6705
9155
2592
203
7500
9422
8222
1661
3133
7325
4058
1361
46
8436
3738
6186
1834
6113
1442
6195
8951
2144
8831
1746
5396
1671
2304
1264
4201
3632
734
4037
3776
1633
501
2674
7400
1602
594
4434
6834
9230
79
6945
3123
791
2323
8133
8271
240
6161
7957
2084
6166
1890
2331
5731
9698
8195
8692
1469
2807
4426
7104
7035
469
658
7411
2543
1350
656
4982
2795
9951
6390
530
9962
5231
4141
3675
8590
5037
4434
940
7169
5269
8939
4773
6245
146
8980
5587
9985
4947
793
9922
4492
7784
3531
3763
1432
4877
9983
7516
2707
3182
2787
5205
6797
3391
7669
5384
9621
9885
333
5071
885
5914
1077
3231
3582
6716
5072
9734
8755
8534
9653
8930
24
8960
8177
1665
7960
809
4706
3042
840
2557
4682
6310
5016
1370
5703
759
9414
3064
5492
7393
6612
8612
1447
6075
5192
5073
2596
822
1494
6
1380
5640
6678
7475
2268
5957
9639
4780
4505
7266
2912
1552
9108
178
7271
1851
1960
2104
7576
3859
3061
8209
9042
3410
6855
3400
9377
145
4362
9096
873
2581
197
378
662
3727
5379
2845
5513
6943
7452
8802
3802
1951
2709
7198
7386
1840
7010
820
7259
6420
7151
8333
9123
4338
8037
7747
7904
1835
8919
1990
4151
6202
4952
8696
8681
2806
1650
4773
7660
4432
7456
187
4786
8693
6306
9367
8127
553
6192
3979
5672
1061
9524
590
9571
6949
6328
605
862
3149
8208
7843
3007
1755
7270
6849
9090
4889
1763
589
5097
79
9639
7042
5592
2960
7888
612
2477
2735
3286
2927
9186
7489
7423
6348
1399
1598
4614
8711
257
7838
5884
861
5188
7676
9905
8830
6547
8811
8873
2938
335
8104
1060
5084
3522
791
220
9343
9919
4786
5700
4159
1581
1671
9760
1367
2485
1789
4103
4564
4206
2007
1226
9012
5781
3113
5987
8257
7525
368
7197
5943
4889
5801
1753
8265
3781
5220
3059
2557
947
7625
5224
902
5273
9069
4965
6998
4441
393
2407
9795
2889
6049
924
7887
9455
8506
1154
875
8054
6943
4267
5648
7145
3181
144
3047
2852
594
333
9085
5006
9645
1865
2908
5292
264
7383
3278
341
1324
5744
5471
5887
2035
6535
5363
8636
716
9497
9360
4465
2150
2333
8088
4484
3727
641
5803
8867
3305
5707
2614
3103
2733
8696
3951
1008
1875
4091
5219
4472
9057
2174
8082
4124
6187
1465
1169
8582
6629
5760
6736
3651
7361
626
6019
4364
7552
3477
2357
2354
3880
9417
5125
2028
5531
7852
3601
6762
7376
2553
2309
4772
5774
3462
6470
289
8349
2312
514
7843
8527
3119
607
1350
7675
3106
9937
7249
7427
5806
9014
6663
1576
2190
7231
7955
7398
2235
5261
2848
5698
6730
1917
3346
8936
6360
5182
1187
5
9185
3658
4753
5539
3067
1766
9432
5945
7283
6293
2243
3745
9903
5121
8477
5465
3127
3595
63
1333
8750
648
8021
1914
4125
3682
8324
1984
7551
2515
1199
5320
4911
1318
8542
8563
8588
4072
1303
4428
9771
8433
4960
9168
8156
9214
5266
1837
482
